0,473
0,472
0,471
0,470
0,469
0,468
0,467
0,466
0,465
0,464
119,3
119,2
119,1
119,0
118,4
118,3
118,2
118,1
118,0
117,9
117,8
117,7
117,6
117,5
117,4
117,3
117,2
117,1
117,0
0,463
116,5
116,4
116,3
116,2
116,1
116,0
0,462
115,4
115,3
115,2
115,1
115,0
114,5
114,4
114,3
114,2
114,1
114,0
0,461
113,6
113,5
113,4
113,3
113,2
113,1
113,0
14,12
0,460
112,7
112,6
112,5
112,4
112,3
112,2
112,1
112,0
111,5
111,4
111,3
111,2
111,1
111,0
110,5
110,4
110,3
110,2
110,1
110,0
14,11
109,5
109,4
109,3
109,2
109,1
109,0
108,4
108,3
108,2
108,1
108,0
0,459
107,5
107,4
107,3
107,2
107,1
107,0
0,458
0,457
106,6
106,5
106,4
106,3
106,2
106,1
106,0
0,456
105,7
105,6
105,5
105,4
105,3
105,2
105,1
105,0
14,10
0,455
104,6
104,5
104,4
104,3
104,2
104,1
104,0
14,9
0,454
103,6
103,5
103,4
103,3
103,2
103,1
103,0
0,453
102,7
102,6
102,5
102,4
102,3
102,2
102,1
102,0
101,6
101,5
101,4
101,3
101,2
101,1
101,0
14,8
100,6
100,5
100,4
100,3
100,2
100,1
100,0
99,44
99,43
99,42
99,41
99,418
99,417
99,416
99,415
99,414
99,413
99,412
99,411
99,410
99,409
99,408
99,407
99,406
99,405
99,404
99,403
99,402
99,401
99,400
99,399
99,398
99,397
99,396
99,395
99,394
99,393
99,392
99,391
99,390
99,389
99,388
99,387
99,386
99,385
99,384
99,359
99,358
99,357
99,356
99,355
99,354
99,353
99,352
99,351
99,350
99,349
99,348
99,347
99,346
99,345
99,344
99,343
99,342
99,341
99,340
99,339
99,338
99,337
99,336
99,335
99,334
99,333
99,332
99,331
99,330
99,329
99,328
99,319
99,318
99,317
99,316
99,315
99,314
99,313
99,312
99,311
99,310
99,309
99,308
99,307
99,306
99,305
99,304
99,303
99,302
99,301
99,300
99,299
99,298
99,327
99,326
99,325
99,324
99,323
99,322
99,321
99,320
99,297
99,296
99,295
99,294
99,293
99,292
99,291
99,290
99,289
99,288
99,287
99,286
99,285
99,284
99,283
99,282
99,281
99,280
99,279
99,278
99,277
99,276
99,275
99,274
99,273
99,272
99,271
99,270
99,269
99,268
99,267
99,266
99,265
99,264
99,263
99,262
99,261
99,260
99,259
99,258
99,257
99,255
99,254
99,253
99,252
99,251
99,250
99,249
99,248
99,247
99,246
99,245
99,244
99,243
99,242
99,241
99,240
99,239
99,238
99,237
99,256
99,236
99,235
99,234
99,233
99,232
99,231
99,230
99,229
99,228
99,227
99,226
99,225
99,224
99,223
99,222
99,221
99,220
99,219
99,218
99,217
99,216
99,215
99,214
99,213
99,212
99,211
99,210
99,209
99,208
99,207
99,206
99,205
99,204
99,203
99,202
99,201
99,200
99,199
99,198
99,197
99,196
99,195
99,194
99,193
99,191
99,190
99,189
99,188
99,187
99,186
99,185
99,184
99,183
99,182
99,181
99,180
99,179
99,178
99,192
99,177
99,176
99,175
99,174
99,173
99,172
99,171
99,170
99,169
99,168
99,167
99,166
99,165
99,164
99,163
99,162
99,161
99,160
99,159
99,158
99,157
99,156
99,155
99,154
99,153
99,152
99,151
99,150
99,149
99,148
99,147
99,146
99,145
99,144
99,143
99,142
99,141
99,140
99,139
99,138
99,137
99,136
99,135
99,134
99,133
99,132
99,131
99,130
99,129
99,128
99,127
99,126
99,125
99,124
99,123
99,122
99,121
99,120
99,119
99,118
99,117
99,116
99,115
99,114
99,113
99,112
99,111
99,110
99,109
99,108
99,107
99,106
99,105
99,104
99,103
99,102
99,101
99,100
99,99
99,98
99,97
99,96
99,95
99,94
99,93
99,92
99,91
99,90
99,89
99,88
99,87
99,86
99,85
99,84
99,83
99,82
99,81
99,80
99,79
99,78
99,77
99,76
99,75
99,74
99,73
99,72
99,71
99,70
99,69
99,68
99,67
99,66
99,65
99,64
99,40
99,39
99,38
99,37
99,36
99,35
99,34
99,33
99,32
99,31
99,30
99,29
99,28
99,27
99,26
99,25
99,24
99,23
99,22
99,21
99,20
99,19
99,18
99,17
99,16
99,15
99,14
99,13
99,12
99,11
99,10
99,9
99,8
99,7
99,6
99,5
99,4
99,3
99,2
99,1
99,0
0,452
98,56
98,55
98,54
98,53
98,52
98,51
98,50
98,49
98,48
98,47
98,46
98,45
98,44
98,43
98,42
98,41
98,40
98,39
98,486
98,485
98,484
98,483
98,482
98,481
98,480
98,479
98,478
98,477
98,476
98,475
98,474
98,473
98,472
98,471
98,470
98,469
98,468
98,467
98,466
98,465
98,464
98,463
98,462
98,461
98,460
98,459
98,458
98,457
98,456
98,455
98,447
98,522
98,521
98,520
98,519
98,518
98,517
98,516
98,515
98,514
98,513
98,512
98,446
98,445
98,444
98,443
98,442
98,441
98,440
98,439
98,438
98,437
98,436
98,435
98,434
98,433
98,432
98,431
98,430
98,429
98,428
98,427
98,426
98,425
98,424
98,423
98,422
98,421
98,420
98,419
98,418
98,417
98,416
98,415
98,414
98,413
98,412
98,411
98,410
98,409
98,408
98,407
98,406
98,405
98,404
98,403
98,402
98,401
98,400
98,399
98,398
98,397
98,454
98,453
98,452
98,451
98,450
98,449
98,448
98,396
98,395
98,394
98,393
98,392
98,391
98,383
98,382
98,381
98,380
98,379
98,378
98,377
98,376
98,375
98,374
98,373
98,372
98,371
98,370
98,369
98,368
98,367
98,366
98,365
98,364
98,363
98,362
98,361
98,360
98,359
98,358
98,357
98,356
98,355
98,354
98,353
98,352
98,351
98,350
98,349
98,348
98,347
98,346
98,345
98,344
98,343
98,342
98,341
98,390
98,389
98,388
98,387
98,386
98,385
98,384
98,340
98,339
98,338
98,337
98,336
98,335
98,334
98,333
98,332
98,331
98,330
98,329
98,328
98,327
98,326
98,325
98,324
98,323
98,319
98,318
98,317
98,316
98,315
98,314
98,313
98,312
98,311
98,310
98,309
98,308
98,307
98,306
98,305
98,304
98,303
98,302
98,301
98,300
98,299
98,298
98,297
98,296
98,295
98,294
98,293
98,292
98,291
98,290
98,289
98,288
98,287
98,322
98,321
98,320
98,286
98,285
98,284
98,283
98,282
98,281
98,280
98,279
98,278
98,277
98,276
98,275
98,274
98,273
98,272
98,271
98,270
98,269
98,268
98,267
98,266
98,265
98,264
98,263
